0.011
0.021
0.028
0.043
0.051
0.074
0.1
0.122
0.143
0.172
0.215
0.252
0.273
0.301
0.331
0.377
0.386
0.407
0.43
0.459
0.478
0.496
0.51
0.525
0.549
0.561
0.589
0.587
0.627
0.629
0.65
0.655
0.66
0.669
0.682
0.699
0.707
0.707
0.703
0.723
0.723
0.739
0.761
0.751
0.746
0.75
0.765
0.755
0.78
0.781
0.789
0.783
0.785
0.814
0.808
0.796
0.805
0.807
0.815
0.806
0.812
0.827
0.822
0.812
0.837
0.82
0.836
0.815
0.851
0.827
0.84
0.845
0.848
0.836
0.847
0.846
0.841
0.849
0.857
0.87
0.858
0.857
0.861
0.877
0.873
0.863
0.861
0.85
0.848
0.868
0.857
0.878
0.859
0.855
0.876
0.881
0.867
0.873
0.878
0.87
0.871
0.88
0.887
0.866
0.874
0.884
0.895
0.891
0.886
0.883
0.87
0.876
0.878
0.864
0.856
0.873
0.876
0.889
0.877
0.878
0.884
0.872
0.876
0.879
0.896
0.888
0.895
0.888
0.884
0.873
0.883
0.878
0.891
0.88
0.88
0.891
0.88
0.88
0.877
0.884
0.882
0.873
0.877
0.874
0.872
0.897
0.865
0.871
0.899
0.867
0.876
0.886
0.893
0.874
0.884
0.896
0.879
0.901
0.879
0.894
0.9
0.894
0.898
0.885
0.9
0.897
0.889
0.883
0.868
0.887
0.867
0.868
0.88
0.874
0.863
0.881
0.884
0.892
0.891
0.892
0.884
0.87
0.878
0.871
0.878
0.876
0.884
0.882
0.866
0.895
0.873
0.881
0.878
0.893
0.87
0.882
0.892
0.88
0.867
0.883
0.881
0.875
0.888
0.882
0.886
0.883
0.869
0.89
0.881
0.89
0.882
0.886
0.878
0.887
0.879
0.882
0.887
0.894
0.892
0.86
0.886
0.868
0.889
0.879
0.9
0.871
0.869
0.865
0.877
0.882
0.886
0.904
0.879
0.882
0.88
0.893
0.89
0.892
0.884
0.877
0.882
0.886
0.876
0.871
0.884
0.874
0.878
0.883
0.876
0.881
0.877
0.899
0.883
0.883
0.906
0.878
0.863
0.881
0.881
0.895
0.89
0.892
0.879
0.908
0.884
0.889
0.886
0.883
0.871
0.902
0.892
0.889
0.886
0.876
0.892
0.877
0.895
0.895
0.892
0.912
0.887
0.881
0.89
0.901
0.888
0.881
0.883
0.879
0.897
0.889
0.888
0.88
0.884
0.884
0.889
0.882
0.879
0.888
0.882
0.891
0.882
0.89
0.884
0.891
0.882
0.894
0.889
0.873
0.897
0.905
0.884
0.896
0.898
0.89
0.882
0.889
0.907
0.897
0.886
0.88
0.898
0.882
0.876
0.887
0.907
0.888
0.886
0.864
0.881
0.884
0.881
0.879
0.88
0.865
0.884
0.87
0.879
0.875
0.875
0.873
0.854
0.869
0.878
0.849
0.874
0.9
0.895
0.893
0.889
0.915
0.883
0.885
0.887
0.892
0.885
0.887
0.876
0.892
0.872
0.882
0.889
0.875
0.867
0.875
0.896
0.885
0.898
0.878
0.886
0.887
0.912
0.902
0.898
0.898
0.899
0.878
0.901
0.9
0.897
0.908
0.881
0.893
0.9
0.877
0.882
0.893
0.891
0.879
0.892
0.897
0.891
0.886
0.871
0.882
0.883
0.903
0.895
0.896
0.894
0.882
0.892
0.877
0.886
0.872
0.879
0.879
0.896
0.892
0.896
0.891
0.899
0.884
0.897
0.892
0.902
0.887
0.89
0.905
0.881
0.893
0.88
0.867
0.863
0.88
0.884
0.875
0.897
0.886
0.893
0.881
0.888
0.897
0.862
0.879
0.87
0.875
0.886
0.877
0.876
0.895
0.885
0.864
0.866
0.877
0.888
0.894
0.878
0.873
0.902
0.901
0.9
0.898
0.878
0.876
0.874
0.88
0.872
0.873
0.883
0.882
0.884
0.892
0.886
0.902
0.882
0.882
0.886
0.878
0.874
0.882
0.89
0.88
0.898
0.896
0.885
0.864
0.893
0.891
0.893
0.884
0.873
0.892
0.891
0.865
0.883
0.882
0.894
0.906
0.887
0.89
0.888
0.871
0.871
0.885
0.872
0.872
0.863
0.889
0.872
0.868
0.882
0.877
0.895
0.9
0.897
0.884
0.894
0.89
0.872
0.881
0.89
0.884
0.895
0.88
0.891
0.893
0.889
0.886
0.893
0.874
0.898
0.876
0.886
0.905
0.892
0.886
0.903
0.885
0.884
0.876
0.879
0.874
0.887
0.873
0.876
0.869
0.884
0.856
0.893
0.876
0.888
0.881
0.893
0.87
0.886
0.903
0.886
0.89
0.889
0.881
0.876
0.875
0.877
0.882
0.886
0.883
0.874
0.872
0.866
0.889
0.875
0.873
0.887
0.875
0.875
0.885
0.88
0.887
0.876
0.887
0.892
0.887
0.89
0.89
0.875
0.883
0.868
0.882
0.881
0.882
0.885
0.892
0.887
0.885
0.884
0.885
0.874
0.881
0.873
0.879
0.87
0.875
0.851
0.865
0.864
0.888
0.88
0.861
0.89
0.89
0.895
0.864
0.894
0.897
0.879
0.897
0.866
0.89
0.879
0.892
0.878
0.874
0.89
0.868
0.873
0.891
0.885
0.863
0.889
0.883
0.892
0.872
0.88
0.885
0.866
0.875
0.887
0.879
0.88
0.882
0.874
0.875
0.868
0.888
0.885
0.886
0.878
0.877
0.878
0.869
0.89
0.883
0.88
0.877
0.884
0.897
0.892
0.867
0.867
0.875
0.882
0.888
0.885
0.89
0.876
0.885
0.883
0.873
0.887
0.879
0.874
0.869
0.864
0.876
0.876
0.862
0.875
0.871
0.875
0.888
0.89
0.88
0.886
0.889
0.878
0.882
0.878
0.878
0.874
0.872
0.872
0.88
0.888
0.855
0.862
0.889
0.893
0.888
0.879
0.881
0.877
0.877
0.865
0.883
0.866
0.873
0.874
0.885
0.873
0.877
0.877
0.879
0.874
0.896
0.88
0.885
0.879
0.886
0.883
0.899
0.882
0.875
0.878
0.87
0.882
0.885
0.895
0.895
0.88
0.888
0.898
0.865
0.88
0.873
0.879
0.865
0.893
0.87
0.866
0.883
0.894
0.88
0.881
0.874
0.884
0.877
0.889
0.887
0.875
0.876
0.864
0.886
0.895
0.899
0.886
0.88
0.91
0.886
0.89
0.89
0.885
0.886
0.869
0.882
0.865
0.876
0.893
0.869
0.884
0.875
0.878
0.884
0.893
0.875
0.876
0.879
0.883
0.881
0.892
0.887
0.87
0.879
0.888
0.892
0.869
0.875
0.869
0.893
0.887
0.88
0.873
0.895
0.873
0.87
0.888
0.872
0.879
0.878
0.868
0.868
0.879
0.871
0.874
0.864
0.876
0.865
0.869
0.868
0.864
0.882
0.876
0.885
0.888
0.888
0.882
0.888
0.894
0.892
0.9
0.889
0.874
0.871
0.878
0.87
0.868
0.892
0.882
0.86
0.878
0.888
0.892
0.884
0.882
0.89
0.887
0.861
0.896
0.871
0.897
0.873
0.882
0.889
0.877
0.879
0.882
0.902
0.881
0.914
0.877
0.897
0.902
0.891
0.893
0.87
0.888
0.898
0.882
0.891
0.877
0.891
0.886
0.863
0.867
0.861
0.87
0.892
0.903
0.877
0.883
0.875
0.889
0.886
0.884
0.881
0.873
0.875
0.871
0.873
0.889
0.872
0.89
0.873
0.87
0.874
0.89
0.894
0.896
0.9
0.892
0.879
0.894
0.875
0.893
0.895
0.887
0.881
0.887
0.881
0.87
0.873
0.903
0.888
0.878
0.885
0.872
0.894
0.895
0.872
0.863
0.896
0.874
0.871
0.894
0.881
0.882
0.88
0.871
0.876
0.89
0.896
0.867
0.89
0.887
0.861
0.859
0.868
0.86
0.886
0.877
0.873
0.881
0.885
0.89
0.889
0.887
0.878
0.88
0.878
0.867
0.877
0.881
0.871
0.889
0.888
0.898
0.874
0.877
0.889
0.885
0.887
0.868
0.885
0.896
0.885
0.876
0.882
0.871
0.878
0.87
0.883
0.89
0.882
0.889
0.876
0.887
0.882
0.881
0.872
0.893
0.871
0.898
0.89
0.887
0.882
0.894
0.868
0.864
0.889
0.882
0.873
0.885
0.881
0.859
0.881
0.864
0.879
0.864
0.874
0.893
0.865
0.893
0.873
0.878
0.876
0.884
0.894
0.887
0.882
0.874
0.872
0.866
0.879
0.853
0.866
0.876
0.883
0.881
0.879
0.892
0.88
