0
0
0
0
0
1
0
0
0
0
0.614
0.19
0.102
0.045
0.04
0.051
0.058
0.064
0.115
0.185
0.354
0.313
0.287
0.273
0.282
0.282
0.292
0.294
0.305
0.333
0.333
0.338
0.391
0.417
0.415
0.47
0.476
0.506
0.515
0.533
0.564
0.591
0.6
0.616
0.615
0.641
0.645
0.661
0.66
0.68
0.677
0.7
0.703
0.71
0.726
0.731
0.727
0.724
0.751
0.763
0.769
0.773
0.786
0.789
0.805
0.799
0.805
0.808
0.811
0.803
0.806
0.805
0.829
0.829
0.837
0.833
0.832
0.834
0.827
0.834
0.845
0.836
0.847
0.848
0.852
0.857
0.849
0.863
0.853
0.853
0.859
0.86
0.859
0.856
0.851
0.858
0.862
0.862
0.87
0.875
0.875
0.884
0.893
0.887
0.895
0.894
0.89
0.889
0.895
0.887
0.89
0.896
0.898
0.899
0.894
0.894
0.896
0.9
0.894
0.897
0.905
0.905
0.903
0.911
0.913
0.913
0.908
0.905
0.901
0.903
0.905
0.9
0.908
0.908
0.909
0.904
0.905
0.902
0.904
0.907
0.909
0.916
0.914
0.919
0.916
0.922
0.922
0.923
0.925
0.927
0.927
0.932
0.931
0.933
0.93
0.929
0.93
0.927
0.922
0.931
0.928
0.929
0.937
0.932
0.939
0.938
0.93
0.936
0.931
0.93
0.927
0.928
0.928
0.931
0.936
0.942
0.941
0.942
0.942
0.937
0.93
0.929
0.926
0.926
0.928
0.928
0.93
0.933
0.936
0.936
0.937
0.937
0.94
0.943
0.946
0.947
0.946
0.945
0.943
0.941
0.945
0.945
0.939
0.94
0.94
0.94
0.944
0.947
0.946
0.95
0.955
0.955
0.956
0.958
0.957
0.96
0.956
0.952
0.953
0.959
0.951
0.951
0.948
0.948
0.944
0.94
0.939
0.939
0.94
0.939
0.944
0.944
0.947
0.948
0.946
0.951
0.95
0.945
0.948
0.948
0.949
0.95
0.947
0.942
0.941
0.942
0.941
0.945
0.945
0.951
0.95
0.948
0.951
0.949
0.948
0.95
0.947
0.951
0.948
0.95
0.954
0.952
0.95
0.95
0.95
0.949
0.948
0.945
0.941
0.942
0.941
0.943
0.943
0.941
0.94
0.946
0.942
0.942
0.945
0.946
0.947
0.944
0.948
0.949
0.946
0.947
0.951
0.956
0.953
0.954
0.954
0.955
0.954
0.956
0.959
0.961
0.962
0.958
0.958
0.956
0.949
0.95
0.951
0.951
0.955
0.956
0.956
0.96
0.955
0.956
0.957
0.963
0.964
0.966
0.967
0.965
0.964
0.964
0.963
0.961
0.958
0.96
0.96
0.962
0.961
0.959
0.96
0.956
0.958
0.962
0.961
0.963
0.966
0.97
0.97
0.963
0.961
0.962
0.965
0.964
0.963
0.961
0.962
0.962
0.96
0.96
0.96
0.961
0.958
0.961
0.96
0.961
0.962
0.961
0.962
0.96
0.959
0.957
0.954
0.955
0.955
0.954
0.954
0.962
0.963
0.965
0.964
0.962
0.963
0.964
0.963
0.963
0.958
0.958
0.959
0.958
0.958
0.957
0.958
0.958
0.953
0.955
0.957
0.956
0.954
0.954
0.956
0.956
0.956
0.957
0.956
0.959
0.956
0.957
0.956
0.953
0.956
0.957
0.959
0.961
0.961
0.961
0.963
0.963
0.959
0.958
0.958
0.963
0.961
0.961
0.964
0.961
0.963
0.963
0.966
0.963
0.96
0.96
0.96
0.961
0.964
0.965
0.97
0.97
0.97
0.967
0.965
0.966
0.967
0.963
0.961
0.964
0.962
0.962
0.963
0.963
0.961
0.958
0.962
0.962
0.966
0.968
0.968
0.964
0.965
0.965
0.962
0.963
0.964
0.965
0.97
0.969
0.967
0.971
0.973
0.974
0.974
0.971
0.969
0.971
0.969
0.969
0.97
0.973
0.974
0.972
0.972
0.972
0.973
0.974
0.974
0.975
0.972
0.971
0.974
0.976
0.976
0.974
0.971
0.972
0.97
0.967
0.97
0.972
0.972
0.973
0.973
0.971
0.973
0.973
0.973
0.976
0.972
0.972
0.97
0.97
0.966
0.964
0.964
0.963
0.963
0.965
0.965
0.965
0.964
0.962
0.96
0.959
0.959
0.956
0.955
0.958
0.959
0.959
0.957
0.958
0.958
0.959
0.957
0.958
0.959
0.961
0.959
0.962
0.961
0.958
0.957
0.958
0.959
0.96
0.959
0.96
0.964
0.964
0.963
0.962
0.964
0.966
0.967
0.966
0.968
0.969
0.973
0.97
0.967
0.966
0.967
0.965
0.967
0.967
0.968
0.968
0.969
0.97
0.97
0.971
0.972
0.976
0.974
0.974
0.974
0.973
0.973
0.973
0.97
0.97
0.967
0.968
0.966
0.967
0.967
0.967
0.965
0.964
0.968
0.965
0.968
0.969
0.969
0.969
0.968
0.969
0.972
0.97
0.971
0.971
0.968
0.969
0.971
0.969
0.97
0.972
0.973
0.972
0.972
0.972
0.972
0.971
0.973
0.974
0.973
0.972
0.972
0.972
0.972
0.971
0.971
0.97
0.967
0.968
0.966
0.965
0.969
0.972
0.97
0.969
0.968
0.968
0.968
0.969
0.971
0.97
0.973
0.972
0.97
0.971
0.972
0.972
0.973
0.974
0.976
0.977
0.977
0.978
0.977
0.977
0.976
0.976
0.976
0.977
0.976
0.976
0.976
0.973
0.973
0.972
0.971
0.973
0.973
0.971
0.974
0.977
0.977
0.977
0.976
0.976
0.975
0.976
0.976
0.974
0.972
0.977
0.979
0.984
0.985
0.985
0.984
0.984
0.984
0.981
0.982
0.983
0.982
0.98
0.981
0.981
0.982
0.982
0.982
0.981
0.982
0.985
0.983
0.984
0.983
0.983
0.981
0.981
0.979
0.978
0.978
0.979
0.978
0.98
0.98
0.98
0.979
0.981
0.98
0.98
0.98
0.979
0.98
0.98
0.979
0.978
0.977
0.977
0.978
0.981
0.98
0.978
0.975
0.978
0.98
0.98
0.978
0.977
0.977
0.978
0.979
0.98
0.981
0.98
0.981
0.98
0.977
0.977
0.979
0.979
0.978
0.977
0.977
0.977
0.978
0.977
0.977
0.977
0.979
0.978
0.98
0.98
0.98
0.98
0.98
0.979
0.978
0.98
0.979
0.979
0.979
0.979
0.975
0.975
0.977
0.978
0.98
0.978
0.98
0.978
0.978
0.979
0.979
0.978
0.978
0.979
0.979
0.977
0.975
0.977
0.976
0.975
0.975
0.975
0.976
0.977
0.979
0.977
0.976
0.979
0.978
0.976
0.976
0.977
0.975
0.975
0.976
0.976
0.978
0.977
0.978
0.978
0.976
0.977
0.977
0.979
0.977
0.978
0.98
0.979
0.978
0.976
0.972
0.972
0.972
0.974
0.972
0.972
0.976
0.975
0.974
0.975
0.975
0.976
0.977
0.977
0.977
0.969
0.973
0.973
0.975
0.974
0.973
0.973
0.973
0.974
0.973
0.973
0.972
0.972
0.972
0.972
0.974
0.973
0.972
0.971
0.973
0.973
0.973
0.975
0.974
0.975
0.976
0.977
0.976
0.98
0.978
0.981
0.979
0.979
0.979
0.98
0.98
0.981
0.983
0.983
0.983
0.981
0.981
0.982
0.983
0.983
0.983
0.983
0.982
0.982
0.982
0.981
0.981
0.981
0.98
0.979
0.982
0.979
0.979
0.98
0.981
0.98
0.981
0.983
0.981
0.979
0.978
0.978
0.978
0.977
0.975
0.975
0.974
0.973
0.974
0.974
0.971
0.97
0.97
0.97
0.97
0.968
0.969
0.967
0.965
0.965
0.967
0.965
0.963
0.965
0.967
0.966
0.967
0.967
0.964
0.965
0.967
0.969
0.969
0.971
0.969
0.968
0.967
0.968
0.968
0.968
0.969
0.97
0.971
0.971
0.972
0.972
0.971
0.972
0.972
0.973
0.971
0.97
0.972
0.974
0.973
0.975
0.974
0.975
0.975
0.976
0.976
0.976
0.976
0.975
0.977
0.976
0.976
0.975
0.975
0.976
0.98
0.979
0.978
0.978
0.979
0.979
0.979
0.981
0.979
0.977
0.977
0.978
0.98
0.98
0.979
0.978
0.979
0.983
0.983
0.984
0.984
0.984
0.983
0.984
0.983
0.984
0.984
0.983
0.981
0.981
0.98
0.982
0.982
0.982
0.984
0.984
0.983
0.98
0.982
0.983
0.984
0.985
0.985
0.985
0.985
0.986
0.986
0.985
